
icuas_old_01.png
corners.shape() is (36, 1, 2)
mtx:
 [[1.21762525e+03 0.00000000e+00 3.16009668e+02]
 [0.00000000e+00 1.30591722e+03 1.77495251e+02]
 [0.00000000e+00 0.00000000e+00 1.00000000e+00]]

icuas_old_01.png
corners.shape() is (36, 1, 2)
mtx:
 [[2.22023285e+03 0.00000000e+00 3.34257703e+02]
 [0.00000000e+00 2.28796738e+03 2.62488785e+02]
 [0.00000000e+00 0.00000000e+00 1.00000000e+00]]


icuas_01_放大二倍.png
corners.shape() is (36, 1, 2)
mtx:
 [[2.32609732e+03 0.00000000e+00 6.20992996e+02]
 [0.00000000e+00 2.37725057e+03 4.88910758e+02]
 [0.00000000e+00 0.00000000e+00 1.00000000e+00]]

icuas_02.png=================================================================
corners.shape() is (36, 1, 2)
mtx:
 [[297.27409511   0.         339.19802818]
 [  0.         304.61115747 287.32069471]
 [  0.           0.           1.        ]]

icuas_old_02.png
corners.shape() is (36, 1, 2)
mtx:
 [[170.81479773   0.         358.30577776]
 [  0.         209.33204957 204.52120215]
 [  0.           0.           1.        ]]

icuas_resized_02.png
corners.shape() is (36, 1, 2)
mtx:
 [[5.57251732e+03 0.00000000e+00 6.22804348e+02]
 [0.00000000e+00 5.64723371e+03 4.84458697e+02]
 [0.00000000e+00 0.00000000e+00 1.00000000e+00]]

icuas_03_放大二倍.png=========================================================
corners.shape() is (36, 1, 2)
mtx:
 [[1.43700276e+03 0.00000000e+00 6.95526116e+02]
 [0.00000000e+00 1.45666583e+03 6.02453226e+02]
 [0.00000000e+00 0.00000000e+00 1.00000000e+00]]


icuas_04_放大二倍.png=================
 corners.shape() is (36, 1, 2)
mtx:
 [[1.07190862e+03 0.00000000e+00 6.88364577e+02]
 [0.00000000e+00 1.04867946e+03 5.98374463e+02]
 [0.00000000e+00 0.00000000e+00 1.00000000e+00]]